Popsize = 2000
Transposition_rate = 0.01
Inactivation_rate = 0.001
Max_dysgenesis = 0
Generation = 500
Ectopic_rate = 0
Model = 4

UDG
1 1 1 1 1
0.2 0.2 0.2 0.2 0.2

Genome
pqqqdnndfhfdndhhdfdfhdhfddfdndnfhddddfndpddddffhnhnfhhhddfdfdfndhfdffbffbhdnjddjfndnbdffhfnnhdfdnbnfhndffhfdfbpnnfhfdfdfhffnfhphfffnbhbdddffdffddnhhbnhdhdhhddfdhdfhdhdfnfdfhhnfhfdfndhdhffhhfnnndfndhbfdfdfhffbdffhhnppffpqnpqpqq
0
0
0
0
0
0
0
0
0
0
0.000362
0.000362
0.000362
0
0.000362
0.00009
0
0.000181
0
0.000181
0
0.000271
0.000904
0.002622
0.003978
0.00208
0.002622
0.00217
0.001899
0.003165
0.003436
0.002351
0.003436
0.007505
0.001085
0.003165
0.002713
0.000995
0.006329
0.005606
0.001537
0.004973
0.001266
0.002984
0.003255
0.003798
0.009403
0.006058
0.005244
0.0066
0.014467
0.006329
0.009856
0.004792
0.001989
0.003255
0.005425
0.004702
0.00226
0.001356
0.001989
0.003617
0.00217
0.012749
0.004159
0.003526
0.003165
0.007414
0.004702
0.002893
0.00226
0.001175
0.00208
0.001085
0.000995
0.001085
0.003255
0.001808
0.001989
0.002351
0.000814
0.003436
0.004611
0.003255
0.002893
0.00642
0.009042
0.008138
0.008771
0.006962
0.004069
0.002984
0.002803
0.008951
0.007324
0.003165
0.00425
0.003798
0.002441
0.004159
0.001537
0.002803
0.005696
0.00208
0.00226
0.000995
0.001085
0.000814
0.003978
0.003707
0.002803
0.007505
0.005425
0.001899
0.002351
0.001718
0.000452
0.000723
0.002984
0.005606
0.005154
0.00208
0.002622
0.001808
0.001899
0.005515
0.007324
0.003888
0.003978
0.002893
0.002532
0.003165
0.003888
0.007324
0.002984
0.001628
0.002713
0.003345
0.005063
0.002803
0.00443
0.005154
0.00217
0.00425
0.001899
0.006148
0.012206
0.007595
0.00208
0.001718
0.003345
0.003255
0.00217
0.002351
0.000723
0.005154
0.005063
0.002893
0.001989
0.000904
0.013653
0.004069
0.002713
0.001175
0.008138
0.002532
0.005063
0.005154
0.003436
0.001899
0.000995
0.000723
0.002622
0.001356
0.000723
0.001447
0.002893
0.002351
0.002713
0.000543
0.001266
0.000362
0.001447
0.001628
0.001175
0.001085
0.002532
0.001899
0.001447
0.001356
0.000995
0.003255
0.00651
0.00208
0.004973
0.002351
0.003617
0.00425
0.002713
0.001447
0.002713
0.00208
0.002713
0.002803
0.003436
0.001266
0.000271
0.001085
0.005063
0.000362
0.000904
0.000723
0.001085
0.001718
0.000181
0
0.000995
0.00009
0.000543
0.000181
0.000271
0.000362
0.00009
0
0

qqqdppppfddpnnpfdhnnhfndbndfpbffhhbfdnfnndddhhndfhfhfffddffnnddfhfnndddnfddnfnhnfnffnfdfnffdffhffbnfhffnfbdnddfhddndbdnffnhfddbdhfdhdbfnhdndfdfdfbffffnfnffhbdbnhhfbddnfndfnhbfddhhhfndfndffhhdfdfffhddfhfnfffffdddhhnffdddfnffdqqqqnpqpqqpnfppdphphfnfdhddfpddnfdnfhhfpdjdhfdhdhdfnffffhhdndddddhdnhhffhdddnfndnhbfffhndddddndffdfnffdhdnhdfdhhhdhfndjndnhnffnfdfhfdddnddnfhfbdffdddhdbdnddffdhhddfdhfdfdhddfbffhjdhddhhdnhdfdhhffnfddffdfhhffdffhffqqqqp
0
0.000235
0
0
0.000117
0.000352
0.00387
0.002815
0
0.000117
0
0
0
0
0.000352
0
0.000117
0.000117
0.000352
0.001173
0.002346
0
0.000235
0.000352
0.000704
0.000235
0
0.000235
0.000117
0.000586
0.000235
0.001173
0.000117
0.000235
0.000117
0.000352
0
0.000469
0.000469
0.000117
0.000117
0.001407
0.000235
0.000235
0.000235
0.000235
0.000352
0.000469
0.000704
0.000938
0.001994
0.000469
0.000469
0.000117
0.000117
0.001642
0.001173
0.002346
0.001525
0.001994
0.005629
0.001642
0.004222
0.002815
0.00387
0.003987
0.003518
0.001525
0.000704
0.000469
0.000821
0.000235
0.001055
0.002111
0.000586
0.001525
0.001642
0.003753
0.000938
0.001173
0.001173
0.001642
0.001055
0.003753
0.001173
0.006216
0.001642
0.001994
0.001876
0.003166
0.001642
0.002228
0.003987
0.001994
0.003636
0.001876
0.000821
0.000938
0.005043
0.002932
0.00129
0.001994
0.003049
0.007506
0.00516
0.001759
0.002111
0.007623
0.004222
0.002932
0.002228
0.001994
0.001407
0.001407
0.000938
0.001173
0.002346
0.001876
0.002111
0.003987
0.002932
0.002697
0.003401
0.002815
0.00387
0.003284
0.003636
0.006567
0.009499
0.008092
0.001525
0.005395
0.004339
0.003166
0.004926
0.002346
0.000117
0.002463
0.002346
0.001525
0.004222
0.002815
0.001407
0.003401
0.004808
0.002346
0.003284
0.003284
0.006216
0.003987
0.008678
0.001525
0.002346
0.002111
0.00258
0.001642
0.002463
0.002697
0.003987
0.010203
0.001876
0.003518
0.001525
0.003753
0.003401
0.003987
0.003049
0.004574
0.00129
0.002346
0.002228
0.001525
0.00129
0.002111
0.004222
0.003166
0.001876
0.007037
0.003518
0.005512
0.006333
0.009499
0.00516
0.001759
0.001876
0.004105
0.005746
0.007271
0.003636
0.006685
0.007388
0.007506
0.003636
0.001876
0.004222
0.005043
0.002346
0.002346
0.006919
0.001055
0.000938
0.002228
0.005746
0.00258
0.00258
0.004691
0.001642
0.003636
0.001642
0.002463
0.005395
0.001759
0.002228
0.002932
0.002463
0.000704
0.001759
0.003636
0.002815
0.003401
0.003049
0.002346
0.001055
0.001407
0.001994
0.000235
0.000235
0
0
0
0
0
0
0
0
0
0
0.000108
0.001193
0.000217
0.000542
0
0
0
0.000434
0.001193
0.000217
0.000217
0
0.000325
0.000542
0
0.000217
0
0.000976
0.000542
0.000542
0.000108
0.000108
0.001844
0.000434
0.000217
0.000759
0.002386
0.000542
0.002278
0.000325
0.002278
0.000542
0.000434
0.00141
0.000217
0.000868
0.000217
0.001302
0.001085
0.000325
0.000542
0.001302
0.00141
0.000868
0.000651
0.002495
0.005532
0.002603
0.001193
0.003905
0.001085
0.000759
0.001735
0.000976
0.003254
0.002278
0.001952
0.002495
0.002169
0.003254
0.004339
0.003145
0.008026
0.004122
0.002712
0.00141
0.002495
0.003905
0.007701
0.002061
0.001302
0.002929
0.008243
0.002603
0.005857
0.003362
0.003362
0.003905
0.006833
0.00846
0.001518
0.005749
0.002386
0.001085
0.002386
0.002386
0.001735
0.002278
0.00282
0.001085
0.003579
0.002169
0.006725
0.003688
0.00423
0.005206
0.001735
0.003362
0.002495
0.001952
0.00141
0.004339
0.006074
0.001085
0.001302
0.003362
0.001302
0.004447
0.002929
0.004122
0.002169
0.003905
0.003579
0.006725
0.008135
0.003145
0.004447
0.004555
0.008135
0.003579
0.002061
0.002929
0.001627
0.002929
0.001735
0.004989
0.00282
0.000542
0.003037
0.002386
0.004013
0.007809
0.004447
0.003145
0.00564
0.003145
0.003254
0.003145
0.007267
0.003688
0.008894
0.003579
0.004122
0.00564
0.004881
0.00423
0.002278
0.001952
0.001302
0.000434
0.001627
0.001735
0.000217
0.003037
0.004555
0.005315
0.003362
0.003796
0.006725
0.003579
0.002712
0.007159
0.002603
0.005423
0.007484
0.002603
0.002495
0.006074
0.005098
0.002603
0.002495
0.001735
0.002712
0.002169
0.002495
0.000976
0.008352
0.003145
0.001627
0.002278
0.003145
0.002495
0.003145
0.002386
0.00141
0.000868
0.007484
0.006399
0.003796
0.005857
0.001844
0.002169
0.001518
0.001735
0.003471
0.001302
0.002386
0.001302
0.002386
0.001844
0.003579
0.000217
0.000108
0
0

hpppppqfqpqddpdhfhhfffhdddfffhfndhffdhffnhhndhdphdnffbfhhfhndhfdddfddbddndfnhfnfffffdhhfhdffhhfhnnhfdnnnhnnjffhdhhhhfdnnfffdffdnfndffhhbdnnfhhfnfffhdhhdffddffnffhfhhdnfdnffjdfbnbnnhhdddddbfhffhdhfdnffndhfdhfhfnhhhjdfdfdffdfnfhndhhhnfdndhddnhfqqqqpqnqqbfddbndnfdhfdffhdhfhhfddhdfddhdndnhddhdffhdffffffbdnfhfnbnddfddhdjffbdbfffddndhhffnhnfhjhdbhhhfdnffdndffdfnfdhddjdhdhfddffffddhfnfhfhdddnnfddddnnfhfdhhfhddhfhfnffbdhdfdhnfnfnndhndfddnhdfhfdfndddhfbdnnhhfjfhdnfdhnnfddnhddfffffhbfbnffdhfdddfbfdhhddfhdhddhdndhddhhfffhffhfdfnqqqq
0
0
0
0
0
0.000069
0
0.000138
0.000069
0
0.000069
0
0
0
0.000069
0
0.000277
0.000069
0
0
0
0.000069
0.000138
0
0
0
0.000138
0
0.001177
0.000346
0
0.000069
0.000138
0.000069
0.000069
0.000277
0.000138
0.000208
0
0.000346
0.000415
0.000138
0.001385
0
0.000138
0.000208
0.002977
0.000415
0.000415
0.002354
0.000415
0.002769
0.000485
0.000692
0.000831
0.0009
0.002146
0.001038
0.000692
0.000485
0.001315
0.000138
0.000069
0.000831
0.0018
0.000692
0.001315
0.000138
0.000277
0.001315
0.002146
0.001592
0.001869
0.003323
0.0036
0.001454
0.000761
0.001454
0.001177
0.0009
0.002146
0.003323
0.001523
0.000554
0.002354
0.001177
0.002492
0.000761
0.003669
0.001523
0.001246
0.001661
0.001454
0.001592
0.001038
0.000761
0.000346
0.000761
0.000485
0.000346
0.001108
0.0009
0.001385
0.002284
0.000969
0.001938
0.003254
0.001246
0.000692
0.000485
0.001454
0.001315
0.001523
0.001869
0.002215
0.001869
0.002631
0.003392
0.002215
0.004223
0.006507
0.005953
0.002215
0.001592
0.001454
0.003461
0.001869
0.001661
0.000415
0.000623
0.002769
0.003184
0.003046
0.004084
0.003115
0.004223
0.004292
0.003531
0.003946
0.003461
0.007546
0.005261
0.002077
0.001177
0.002907
0.001038
0.002561
0.001108
0.003392
0.003184
0.003669
0.000692
0.002907
0.007823
0.005053
0.001108
0.001454
0.002631
0.003877
0.003669
0.003877
0.002631
0.002215
0.001938
0.001869
0.00443
0.0027
0.003254
0.000831
0.001108
0.002008
0.003115
0.001938
0.003323
0.005123
0.002631
0.003115
0.001661
0.001385
0.000692
0.003184
0.001038
0.002146
0.0009
0.001315
0.0009
0.001454
0.002769
0.002354
0.0018
0.001869
0.001731
0.002631
0.005123
0.001523
0.005053
0.003115
0.002146
0.002215
0.006576
0.004084
0.002215
0.003531
0.002284
0.002838
0.002423
0.0036
0.0045
0.004084
0.001108
0.001454
0.002215
0.001246
0.002077
0.001315
0.001177
0.002008
0.000969
0.005469
0.002769
0.00443
0.001246
0.002077
0.002008
0.004846
0.001454
0.003946
0.003184
0.001385
0.001661
0.003531
0.003669
0.001523
0.001661
0.002284
0.0027
0.001315
0.001454
0.002423
0.001315
0.000415
0.000415
0.0009
0.000208
0
0
0
0
0
0
0
0
0
0.000109
0
0
0
0
0
0
0
0
0
0.000109
0
0.000109
0
0.000218
0
0
0.000326
0
0
0.000326
0.000218
0.000109
0
0
0.000326
0.000653
0.000218
0.000109
0.001088
0.000762
0.001959
0.000109
0.000762
0.000979
0.00185
0.00272
0.000544
0
0.000326
0.001088
0.002176
0.000326
0.001306
0.000979
0.000218
0
0.000762
0.000435
0.000871
0.001306
0.001415
0.000326
0.000218
0.000109
0.000544
0.000544
0.001197
0.000979
0.000979
0.001088
0.000979
0.003808
0.000871
0.002829
0.00185
0.00272
0.001197
0.001306
0.001088
0.000762
0.000653
0.001741
0.001306
0.001741
0.000653
0.000326
0.002503
0.001632
0.000435
0.001306
0.002641
0.003047
0.000871
0.000326
0.000762
0.000871
0.000544
0.000871
0.00185
0.003047
0.007508
0.003264
0.001959
0.001632
0.008052
0.001959
0.001632
0.003264
0.000871
0.001959
0.003917
0.004026
0.00185
0.00272
0.005441
0.002612
0.000762
0.0037
0.002829
0.001741
0.000762
0.001959
0.001306
0.000762
0.001741
0.00185
0.000653
0.001415
0.000762
0.000435
0.000762
0.001415
0.001741
0.000544
0.001741
0.001523
0.001632
0.003264
0.000544
0.001959
0.004353
0.002067
0.008379
0.003808
0.001523
0.004679
0.002938
0.001415
0.004135
0.008923
0.003808
0.002938
0.007182
0.014799
0.004461
0.002612
0.005332
0.001415
0.004353
0.001523
0.005876
0.004135
0.005223
0.013058
0.001197
0.002176
0.000653
0.001523
0.001306
0.002612
0.001088
0.003156
0.003591
0.000435
0.000109
0.002829
0.000979
0.002829
0.005658
0.003482
0.003047
0.004026
0.003808
0.002176
0.001959
0.003482
0.002503
0.004897
0.004788
0.001959
0.002938
0.003156
0.003264
0.003808
0.006311
0.001632
0.005332
0.002938
0.002067
0.002612
0.001415
0.00185
0.001088
0.001415
0.00272
0.005876
0.002612
0.0037
0.003047
0.002938
0.002067
0.003047
0.002394
0.001197
0.001632
0.002612
0.002829
0.000435
0.002176
0.002394
0.00272
0.000762
0.001197
0.002503
0.000979
0.000871
0.001632
0.0037
0.003591
0.003373
0.000326
0.002829
0.004244
0.00185
0.005223
0.002503
0.001523
0.003591
0.004353
0.004897
0.001415
0.006311
0.000979
0.001632
0.001741
0.000762
0.000871
0.003156
0.001741
0.002176
0.001197
0.001632
0.000871
0.007508
0.002938
0.005114
0.001741
0.001632
0.002394
0.002394
0.002067
0.001306
0.002829
0.0037
0.001306
0.000653
0.001088
0.001415
0.000653
0.000762
0.000979
0.001632
0.000544
0.000109
0
0.000218
0
0
0
0
0
0